761.940
758.486
771.475
819.366
846.292
854.918
859.797
847.490
832.588
823.317
813.404
817.859
816.267
810.684
810.289
814.573
814.075
809.632
810.219
809.575
805.429
802.881
803.755
804.007
809.304
811.674
812.074
807.774
805.324
804.389
805.113
810.881
813.971
816.078
815.689
816.860
820.626
825.073
828.192
826.811
827.412
826.558
827.743
826.670
826.107
826.822
825.865
827.349
827.780
828.322
828.521
829.154
829.967
831.116
834.008
835.390
838.192
838.730
838.058
838.386
837.409
835.450
834.451
832.144
831.780
829.709
829.786
828.716
830.243
830.830
831.458
829.266
829.843
829.643
828.619
830.612
830.238
827.442
826.357
826.499
825.432
822.024
821.043
817.770
813.768
811.771
811.535
813.415
814.515
812.139
808.614
804.630
803.054
801.004
800.111
798.546
796.290
793.233
790.324
788.938
788.657
787.263
788.669
787.066
788.273
789.604
790.959
791.616
791.724
791.459
788.851
786.649
783.964
782.743
780.732
778.067
774.807
773.349
771.219
771.042
771.729
774.337
774.343
774.067
773.847
772.125
771.934
770.697
770.513
769.373
769.023
769.645
768.590
770.229
768.689
766.306
763.527
762.212
759.953
760.104
761.450
763.693
764.605
765.143
764.777
765.709
765.566
765.783
767.347
767.425
765.441
765.485
764.737
766.739
767.662
769.311
768.940
771.124
773.287
773.549
774.470
775.686
773.225
770.435
767.777
765.324
764.766
762.477
760.242
757.877
755.832
752.918
752.480
754.437
757.094
758.706
758.326
757.076
755.757
756.844
755.003
752.616
752.337
752.154
752.912
753.521
755.408
753.736
752.866
751.636
751.030
751.792
753.342
754.734
753.159
751.023
749.425
750.118
751.503
755.307
757.029
759.449
760.150
760.672
759.375
760.510
761.335
764.485
767.494
770.855
772.261
772.443
774.660
775.575
776.633
775.119
772.541
772.169
774.245
771.506
769.789
768.540
767.456
766.338
767.543
768.058
768.209
770.713
771.774
772.880
772.349
772.836
773.441
773.344
771.228
769.994
769.820
770.191
769.949
771.374
772.904
772.590
774.241
775.776
776.959
775.379
773.594
771.027
767.316
767.357
766.374
767.857
768.142
767.264
766.283
766.354
