941.196
953.873
978.497
990.897
1005.608
1021.438
1031.875
1040.302
1045.488
1048.029
1038.707
1027.102
1030.747
1033.924
1035.198
1038.311
1041.414
1043.637
1043.736
1040.102
1035.999
1036.244
1033.950
1035.945
1037.280
1037.692
1038.260
1037.910
1037.351
1037.000
1036.162
1036.211
1036.257
1035.538
1034.423
1032.931
1030.239
1026.213
1023.929
1024.096
1023.651
1023.928
1022.804
1021.821
1021.826
1021.663
1021.220
1020.763
1019.970
1019.671
1017.628
1015.169
1012.334
1009.656
1006.637
1002.682
999.147
995.066
991.577
991.837
992.388
988.155
985.490
982.436
978.672
976.215
973.619
971.719
970.423
969.762
968.260
964.809
964.748
963.215
961.774
960.415
958.418
954.672
951.606
949.760
948.157
946.302
944.127
941.920
938.408
936.973
936.122
936.438
937.763
938.080
936.354
934.996
932.765
932.491
932.453
930.807
928.531
926.156
923.633
922.464
921.984
919.004
916.759
915.074
913.329
911.327
909.971
910.755
911.375
910.578
912.300
912.162
911.046
910.266
910.204
908.047
909.293
909.895
908.277
907.665
905.063
902.947
903.270
901.164
901.570
899.042
896.578
893.543
892.236
891.261
890.207
892.456
892.339
892.581
892.016
892.333
891.732
891.850
894.281
895.014
894.413
893.737
893.183
892.597
892.678
892.375
890.876
890.452
890.725
891.277
892.801
894.418
894.733
893.794
896.970
901.501
905.695
908.439
911.118
912.228
912.189
912.894
910.646
910.281
910.632
910.669
912.608
913.556
915.606
916.606
917.720
919.141
922.946
925.420
926.443
928.650
931.776
932.549
935.784
936.694
937.412
939.380
939.641
942.028
941.723
941.773
943.031
944.533
943.083
942.805
944.037
945.225
945.277
945.433
945.416
943.574
943.234
943.981
943.284
943.467
943.012
940.463
937.535
936.610
935.314
932.444
928.770
924.675
921.065
917.378
916.019
915.168
914.974
