1321.363
1315.809
1327.179
1326.860
1327.016
1325.473
1324.224
1321.104
1322.189
1319.127
1314.799
1318.285
1316.585
1316.525
1315.795
1314.965
1307.175
1304.967
1301.345
1298.760
1296.795
1294.592
1292.026
1290.931
1290.412
1287.938
1286.588
1287.155
1287.645
1288.946
1287.163
1288.212
1288.666
1288.405
1288.436
1288.962
1288.795
1286.778
1288.766
1285.808
1286.117
1284.415
1282.169
1282.030
1280.797
1279.743
1279.321
1278.849
1279.677
1278.952
1277.227
1279.666
1281.525
1280.740
1282.622
1284.475
1286.597
1288.898
1291.118
1294.252
1293.569
1293.824
1296.596
1297.271
1296.928
1296.140
1297.995
1296.040
1296.307
1297.266
1297.859
1297.716
1299.472
1302.913
1301.719
1301.777
1303.757
1302.692
1303.334
1302.824
1304.395
1307.106
1307.871
1300.644
1299.984
1300.430
1299.283
1298.004
1296.959
1296.204
1295.835
1293.475
1291.972
1289.592
1288.370
1286.391
1284.837
1283.046
1282.773
1282.049
1282.739
1282.210
1286.183
1282.767
1281.546
1281.854
1280.411
1280.658
1279.620
1279.447
1278.490
1278.412
1276.178
1277.756
1277.553
1278.611
1281.304
1278.024
1277.848
1280.652
1279.118
1279.456
1280.046
1280.130
1279.155
1280.654
1280.277
1280.584
1280.333
1278.975
1281.220
1279.234
1279.326
1279.554
1280.918
1279.252
1280.434
1279.092
1279.203
1276.791
1274.831
1273.794
1273.759
1274.956
1276.778
1277.136
1274.338
1273.490
1273.275
1273.218
1274.063
1273.586
1274.046
1272.857
1273.200
1276.440
1272.581
1274.031
1273.511
1273.568
1270.460
1271.151
1271.904
1272.618
1271.076
1271.472
1272.071
1270.874
1271.006
1271.539
1272.377
1272.482
1272.947
1272.230
1272.473
1269.958
1272.176
1274.105
1273.732
1273.275
1270.358
1268.970
1267.550
1265.571
1266.049
1267.784
1264.700
1263.925
1263.053
1261.384
1261.121
1260.670
1260.708
1260.734
1260.769
1259.551
1261.083
1258.567
1260.834
1260.527
1260.636
1261.985
1264.071
1264.824
1262.593
1266.967
1267.229
1269.790
1270.772
1270.487
1271.305
1271.880
1272.799
1272.578
1274.439
1275.621
1275.888
1275.944
1277.268
1276.001
1277.478
1277.341
1279.127
1280.056
1280.303
