1018.899
1027.404
1017.046
1018.078
1019.720
1020.859
1023.279
1026.338
1020.166
1008.088
1001.514
998.511
988.533
988.023
984.939
983.385
985.256
987.973
990.191
992.870
995.386
997.491
1000.227
1002.771
1003.852
1000.357
1000.481
998.606
996.278
996.798
998.824
997.118
998.988
1001.333
1003.357
1004.800
1005.860
1006.874
1007.662
1009.059
1009.648
1007.122
1006.728
1007.063
1007.336
1008.191
1009.265
1010.524
1009.519
1008.452
1007.581
1006.781
1005.420
1004.216
1002.868
1000.485
998.598
998.504
998.926
998.119
998.845
999.417
999.197
998.797
997.658
995.584
994.161
992.969
991.622
991.385
986.971
983.340
978.781
975.720
975.824
973.640
972.176
973.309
971.360
968.243
967.114
965.614
961.696
958.317
955.508
953.608
952.258
950.926
948.655
947.396
945.470
944.806
945.555
943.742
942.287
941.148
937.981
934.244
931.426
929.811
927.913
926.698
925.344
921.869
918.553
915.663
913.096
911.325
909.720
907.553
907.217
907.304
907.813
908.627
908.848
908.173
908.056
908.466
907.869
907.858
907.879
907.672
907.297
910.613
913.822
915.648
916.045
915.145
913.866
914.683
915.824
918.426
918.937
918.987
919.064
920.404
919.050
916.995
915.746
915.993
915.996
913.295
911.610
910.238
910.400
910.170
908.493
908.621
909.178
910.847
914.057
913.623
915.007
915.717
916.461
920.042
922.788
924.884
926.746
926.627
926.584
926.047
924.769
922.447
919.158
917.091
916.399
913.295
912.742
913.083
914.005
915.280
915.649
916.230
917.169
917.728
917.670
916.630
916.625
918.375
920.868
920.805
917.943
914.168
912.969
911.085
910.363
909.835
910.586
910.503
911.805
911.005
910.835
911.539
912.610
913.610
913.203
913.597
913.306
913.705
912.215
912.399
912.108
911.241
911.101
908.958
908.520
907.847
907.965
907.901
909.000
909.270
912.520
913.259
913.713
913.838
917.594
919.825
920.054
923.335
923.984
924.296
924.114
922.902
922.894
921.416
919.779
917.464
915.931
915.507
915.252
915.486
914.967
914.691
916.686
920.393
922.266
925.037
927.530
928.997
930.357
929.870
931.636
932.847
932.754
933.617
932.957
934.271
934.688
936.391
935.440
936.070
934.926
934.263
